$ 1 0.000005 5.023272298708815 50 5 43 5e-11
165 192 160 208 160 10 0
R 256 128 256 48 0 0 40 5 0 0 0.5
r 112 192 112 128 0 1000
r 112 192 112 288 0 2000
c 112 288 112 352 4 0.000001 1.769102348392267 0.001 0
w 192 256 192 288 0
g 112 352 112 384 0 0
c 256 320 256 352 4 1e-8 3.3333333333333397 0.001 0
g 256 352 256 368 0 0
w 192 192 112 192 0
w 112 128 256 128 0
w 192 288 112 288 0
w 320 192 320 128 0
w 256 128 320 128 0
O 320 224 368 224 1 0
403 336 240 496 336 0 14_8_0_4098_5_0.1_-1_1
38 3 F1 0 1 1000 -1 Resistance
